4960.0815302
5063.0907202
5176.1747802
5277.2224602
5348.2595702
5485.3184802
5582.3712402
5729.4396502
5832.4488402
5960.5438002
6088.6387602
6219.6792502
6350.7197402
6497.7881502
6611.8310802
6797.9103902
6928.9508802
7028.0192902
7165.0782002
7279.1211302
7435.2222402
7506.2593502
7669.3226802
7772.3318702
7935.3952002
8098.4585302
8229.4990202
8357.5939802
8488.6344702
8674.7137802
8802.7723602
8873.8094702
8974.8571502
9073.9255602
9172.9939702
9304.0344602
9419.0614002
9534.0883402
9649.1152802
9764.1422202
9895.1827102
10026.2232002
10189.2865302
10302.3705902
10359.3920502
10515.4931602
10602.5251902
10731.5677802
10818.5998102
10955.6587202
11084.7013102
11187.7105002
11343.8116102
11446.8208002
11583.8797102
11684.9273902
11821.9863002
11879.0077602
11976.0605202
12079.0697102
12180.1173902
12308.2123502
12379.2494602
12510.2899502
12609.3583602
12740.3988502
12877.4577602
12990.5418202
13089.6102302
13188.6786402
13344.7797502
13445.8274302
13558.9114902
13657.9799002
13755.0326602
13892.0915702
14039.1599802
14167.2549402
14353.3342502
14466.4183102
14594.4768902
14722.5354702
14793.5725802
14906.6566402
15007.7043202
15163.8054302
15300.8643402
15447.9327502
